parâmetros:
C = 100 | gamma = 0.1 | epsilon = 0.1
mse: 0.017288432655046492 rmse: 0.13148548457927398 mape: 19.557864666787392 mpe: 19.557864666787392 mae: 0.10986316270123873